2.410878258173620
2.410878258173621
2.406461132334528
2.370658162556358
2.245953520317793
2.125200040852914
1.918348395928578
1.480056914144147
1.312473149347980
0.810007368801243
2.973400441136852
2.973002182039318
2.981531367233054
2.968737589442449
2.901980886806675
2.678794779524871
2.285987230708895
2.033836093908922
1.741413128941293
0.929015698435525
3.678668540147354
3.679396553730145
3.677757492290856
3.687595984438626
3.629112072617108
3.446554988574278
3.223368881292473
2.842585927128659
2.321697007873984
1.330750691542773
4.526775747818209
4.525264171778923
4.521337805389847
4.526775747818210
4.505039928867431
4.437501304905489
4.223242641914957
3.589394097234632
2.756925089457856
1.794977794688926
5.443408978292257
5.440392021910114
5.428447621236700
5.348100622615251
4.973147962381820
4.589267857857116
4.214315197623685
3.830435093098982
3.200169624265239
2.419840173530689