0.308462224773987
0.324363447830171
0.341736055797024
0.358439091528602
0.375943939935572
0.392917036570511
0.409793305570397
0.426700839626816
0.431362305457199
0.435337682345151
0.341736055797024
0.349766105679311
0.358957143625447
0.376062480700503
0.392784796130394
0.409890133205450
0.426995470280505
0.435430839830241
0.439824473086797
0.444100807355561
0.376214000838934
0.379955793324102
0.384379400568450
0.393052067022192
0.410184679156619
0.427530012064101
0.435548138818033
0.443953534379977
0.448377141624325
0.452920746784887
0.410424674989045
0.414526894052979
0.418779718716707
0.426995470280506
0.435616701309956
0.444368078247359
0.452920746784887
0.460938873538819
0.463613399387405
0.465215207807583
0.448644412516123
0.453014763892863
0.461740686214213
0.469758812968145
0.478311481505673
0.480984190423650
0.481786003099044
0.482320544882639
0.483765917313569
0.485206015706443