5.026548245743669e+03
5.026548245743669e+03
5.026548245743669e+03
5.026548245743669e+03
5.026548245743669e+03
5.026548245743669e+03
5.026548245743669e+03
5.026548245743669e+03
5.026548245743669e+03
5.026548245743669e+03
5.654866776461628e+03
5.654866776461628e+03
5.654866776461628e+03
5.654866776461628e+03
5.654866776461628e+03
5.654866776461628e+03
5.654866776461628e+03
5.654866776461628e+03
5.654866776461628e+03
5.654866776461628e+03
6.283185307179587e+03
6.283185307179587e+03
6.283185307179587e+03
6.283185307179587e+03
6.283185307179587e+03
6.283185307179587e+03
6.283185307179587e+03
6.283185307179587e+03
6.283185307179587e+03
6.283185307179587e+03
6.911503837897545e+03
6.911503837897545e+03
6.911503837897545e+03
6.911503837897545e+03
6.911503837897545e+03
6.911503837897545e+03
6.911503837897545e+03
6.911503837897545e+03
6.911503837897545e+03
6.911503837897545e+03
7.539822368615504e+03
7.539822368615504e+03
7.539822368615504e+03
7.539822368615504e+03
7.539822368615504e+03
7.539822368615504e+03
7.539822368615504e+03
7.539822368615504e+03
7.539822368615504e+03
7.539822368615504e+03